function colors = getColors()
    colors.indigo = [0 119 187]/255;
    colors.cyan = [136 204 238]/255;
    colors.teal = [68 170 153]/255;
    colors.green = [17 119 51]/255;
    colors.olive = [153 153 51]/255;
    colors.sand = [221 204 119]/255;
    colors.rose = [204 102 119]/255;
    colors.wine = [136 34 85]/255;
    colors.red = [0.6350 0.0780 0.1840];
    colors.purple = [170 68 153]/255;
    colors.palegrey = [221,221,221]/255;
    colors.black = [0 0 0]/255;
end